GRT_GMM_MODEL_FILE_V2.0
Trained: 1
UseScaling: 0
NumInputDimensions: 17
NumOutputDimensions: 5
NumTrainingIterationsToConverge: 0
MinNumEpochs: 0
MaxNumEpochs: 100
ValidationSetSize: 20
LearningRate: 0.1
MinChange: 1e-05
UseValidationSet: 0
RandomiseTrainingOrder: 1
UseNullRejection: 0
ClassifierMode: 0
NullRejectionCoeff: 1
NumClasses: 5
NullRejectionThresholds:  0 0 0 0 0
ClassLabels:  1 2 3 4 5
NumMixtureModels: 2
Models:
ClassLabel: 1
K: 2
NormalizationFactor: 26.7239
TrainingMu: 0.000298492
TrainingSigma: 0.2
NullRejectionThreshold: 0.02
Determinant: 7.28586e-14
Mu: 	0.535921	110.903	0.00267693	0.511699	-0.0129896	0.16783	1.8993	0.283596	0.342092	0.0447066	0.443921	-0.0197449	-0.0140009	-0.23792	-0.103302	-0.147268	-0.0701055
Sigma:
0.0180864	0.114126	2.77504e-06	0.00136692	-0.0125156	-0.0563201	0.0039844	-0.0569964	0.0266029	-0.018698	-0.0418767	-0.0331992	0.0176548	0.00316707	0.00905291	-0.0228999	-0.00156893
0.114126	358.998	-0.00302164	-0.0765014	-0.811845	-18.1515	-8.78218	-2.50296	0.132283	4.97419	1.22775	3.89647	-0.323201	-2.25819	-1.00878	1.44222	0.740692
2.77504e-06	-0.00302164	9.46241e-08	2.72068e-06	7.07153e-06	0.000108573	0.000213774	-5.43099e-05	8.76374e-05	1.19652e-05	0.000112132	-1.04324e-05	3.29766e-05	1.86646e-05	6.27433e-05	1.86206e-05	1.92459e-05
0.00136692	-0.0765014	2.72068e-06	0.000262431	0.000149408	-0.00425614	0.0149516	-0.0066666	0.00954312	-0.00204827	0.00250311	-0.00296425	0.00579507	0.00336462	0.00491859	-0.00123873	0.000283206
-0.0125156	-0.811845	7.07153e-06	0.000149408	0.0779595	0.276938	0.147246	-0.000626744	0.0257382	-0.00952176	0.0209625	-0.0189133	0.0182346	0.0282866	0.0246682	0.00638815	-0.00376275
-0.0563201	-18.1515	0.000108573	-0.00425614	0.276938	12.7518	3.74052	-0.0157521	-0.39074	-0.487686	-0.552908	-1.16362	-0.189538	-0.415119	-0.0438237	-0.666811	-0.43111
0.0039844	-8.78218	0.000213774	0.0149516	0.147246	3.74052	6.24563	0.70906	1.63544	0.324826	0.846637	-0.244794	0.774928	0.418976	0.542162	-0.265852	0.0447647
-0.0569964	-2.50296	-5.43099e-05	-0.0066666	-0.000626744	-0.0157521	0.70906	1.30675	0.266861	0.327708	0.2817	0.253747	-0.122452	-0.114737	-0.098885	0.0561092	0.0967805
0.0266029	0.132283	8.76374e-05	0.00954312	0.0257382	-0.39074	1.63544	0.266861	1.52441	0.569017	0.551372	0.102757	0.501106	0.214317	0.265198	-0.00856001	-0.00294733
-0.018698	4.97419	1.19652e-05	-0.00204827	-0.00952176	-0.487686	0.324826	0.327708	0.569017	1.1379	0.604272	0.356139	0.124392	-0.0286623	-0.0588146	0.120355	0.0767684
-0.0418767	1.22775	0.000112132	0.00250311	0.0209625	-0.552908	0.846637	0.2817	0.551372	0.604272	1.36425	0.570248	0.246302	0.146825	0.202857	0.231135	0.120984
-0.0331992	3.89647	-1.04324e-05	-0.00296425	-0.0189133	-1.16362	-0.244794	0.253747	0.102757	0.356139	0.570248	0.862387	0.235089	0.0501542	-0.028451	0.181477	0.0830665
0.0176548	-0.323201	3.29766e-05	0.00579507	0.0182346	-0.189538	0.774928	-0.122452	0.501106	0.124392	0.246302	0.235089	0.810041	0.419899	0.21286	-0.00833993	-0.0376794
0.00316707	-2.25819	1.86646e-05	0.00336462	0.0282866	-0.415119	0.418976	-0.114737	0.214317	-0.0286623	0.146825	0.0501542	0.419899	0.667443	0.234492	0.0289072	-0.0554323
0.00905291	-1.00878	6.27433e-05	0.00491859	0.0246682	-0.0438237	0.542162	-0.098885	0.265198	-0.0588146	0.202857	-0.028451	0.21286	0.234492	0.542628	0.105526	-0.0552921
-0.0228999	1.44222	1.86206e-05	-0.00123873	0.00638815	-0.666811	-0.265852	0.0561092	-0.00856001	0.120355	0.231135	0.181477	-0.00833993	0.0289072	0.105526	0.450193	0.169304
-0.00156893	0.740692	1.92459e-05	0.000283206	-0.00376275	-0.43111	0.0447647	0.0967805	-0.00294733	0.0767684	0.120984	0.0830665	-0.0376794	-0.0554323	-0.0552921	0.169304	0.471017
InvSigma:
199.962	-0.12403	22278.9	-1620.14	28.1881	-0.760237	1.22856	0.113567	2.02019	-4.41453	6.56222	-0.858014	1.82673	-0.071203	0.629893	2.96558	-1.34219
-0.12403	0.00623946	215.472	2.1771	0.00803817	0.0079132	-0.0103472	0.0467609	-0.00929741	-0.0181144	-0.0136133	-0.0121339	0.00229488	0.0352568	-0.0204246	-0.00720373	-0.00860057
22278.9	215.472	2.9774e+07	-383388	3990.93	-167.307	-201.582	1669.4	569.897	-1655.5	-810.613	-823.097	1344.02	1271.15	-778.718	-934.342	-567.49
-1620.14	2.1771	-383388	26822.4	-207.568	22.7593	-26.932	65.7895	-77.746	75.0218	-62.4278	43.9216	-55.5975	27.5375	-41.5768	19.5881	-18.6205
28.1881	0.00803817	3990.93	-207.568	18.81	-0.438327	0.0696786	0.349756	-0.132701	-0.418203	0.701827	-0.172627	0.49012	-0.636364	-0.089417	-0.232602	-0.331495
-0.760237	0.0079132	-167.307	22.7593	-0.438327	0.181244	-0.161115	0.134664	0.0932406	-0.00104316	-0.0338792	0.163337	-0.107963	0.221563	-0.0218859	0.0742872	0.0970221
1.22856	-0.0103472	-201.582	-26.932	0.0696786	-0.161115	0.480978	-0.372771	-0.229042	0.0551907	-0.123396	0.135851	-0.144861	-0.177034	-0.0938801	0.213969	-0.194277
0.113567	0.0467609	1669.4	65.7895	0.349756	0.134664	-0.372771	1.74554	-0.468456	-0.0765556	-0.0719579	-0.369964	0.393948	0.348379	-0.124729	0.0253471	-0.23607
2.02019	-0.00929741	569.897	-77.746	-0.132701	0.0932406	-0.229042	-0.468456	1.87581	-0.817056	-0.00462778	0.270372	-0.511846	0.185439	-0.0879446	-0.016174	0.321892
-4.41453	-0.0181144	-1655.5	75.0218	-0.418203	-0.00104316	0.0551907	-0.0765556	-0.817056	1.83375	-0.637385	0.0187666	-0.148485	0.0318812	0.405573	-0.124765	-0.0167425
6.56222	-0.0136133	-810.613	-62.4278	0.701827	-0.0338792	-0.123396	-0.0719579	-0.00462778	-0.637385	1.94178	-1.04341	0.438372	-0.278357	-0.270274	-0.178567	-0.0610924
-0.858014	-0.0121339	-823.097	43.9216	-0.172627	0.163337	0.135851	-0.369964	0.270372	0.0187666	-1.04341	2.72302	-1.34968	0.420737	0.300306	-0.18805	0.0654857
1.82673	0.00229488	1344.02	-55.5975	0.49012	-0.107963	-0.144861	0.393948	-0.511846	-0.148485	0.438372	-1.34968	3.06136	-1.42012	-0.0991002	0.0968423	-0.00334332
-0.071203	0.0352568	1271.15	27.5375	-0.636364	0.221563	-0.177034	0.348379	0.185439	0.0318812	-0.278357	0.420737	-1.42012	2.89665	-0.668104	-0.0601681	0.182529
0.629893	-0.0204246	-778.718	-41.5768	-0.089417	-0.0218859	-0.0938801	-0.124729	-0.0879446	0.405573	-0.270274	0.300306	-0.0991002	-0.668104	3.16128	-1.12816	0.7447
2.96558	-0.00720373	-934.342	19.5881	-0.232602	0.0742872	0.213969	0.0253471	-0.016174	-0.124765	-0.178567	-0.18805	0.0968423	-0.0601681	-1.12816	3.67006	-1.26348
-1.34219	-0.00860057	-567.49	-18.6205	-0.331495	0.0970221	-0.194277	-0.23607	0.321892	-0.0167425	-0.0610924	0.0654857	-0.00334332	0.182529	0.7447	-1.26348	2.8913
Determinant: 3.95501e-17
Mu: 	0.42509	155.496	0.00263601	0.498936	0.101812	-0.208735	0.538917	0.439704	0.52057	0.890621	0.776348	1.02126	0.198337	-0.23522	-0.316334	0.020569	-0.132089
Sigma:
0.0458267	0.847279	-7.741e-05	0.00234102	-0.0598324	-0.697413	0.0783337	-0.0416815	-0.0443513	0.00864413	-0.00446691	-0.0112136	0.0356495	0.0803488	0.043956	-0.0442714	-0.00611825
0.847279	97.6482	-0.00286878	0.0439004	-1.92829	-18.5563	1.6581	-1.35768	-1.0485	-0.556484	-0.274486	-0.090484	-1.72352	2.29595	1.42531	-1.90912	1.13438
-7.741e-05	-0.00286878	3.45397e-07	-3.78853e-06	0.000168171	0.00203586	0.000594487	0.00051647	0.000276499	0.000111715	0.000122244	1.30378e-05	1.97601e-05	-2.25944e-05	5.43352e-05	0.000110014	5.03114e-05
0.00234102	0.0439004	-3.78853e-06	0.000135977	-0.00312563	-0.0350882	0.00907549	-0.000822405	-0.00175807	0.00154896	-0.000399146	-0.000924515	0.00178212	0.0052221	0.00258066	-0.00144838	0.000377239
-0.0598324	-1.92829	0.000168171	-0.00312563	0.139563	1.37341	0.0727823	0.133947	0.0589343	-0.0122959	0.0506962	-0.0296421	-0.0553582	-0.0767642	-0.0149503	0.0524607	0.0446529
-0.697413	-18.5563	0.00203586	-0.0350882	1.37341	18.9725	0.972794	1.49802	0.962077	0.110904	0.00759751	-0.923239	-1.03881	-1.40653	-0.362031	0.494597	0.497794
0.0783337	1.6581	0.000594487	0.00907549	0.0727823	0.972794	6.25866	2.95267	1.22253	1.15087	0.685992	0.378785	0.252533	1.12777	0.896987	-0.135583	0.473633
-0.0416815	-1.35768	0.00051647	-0.000822405	0.133947	1.49802	2.95267	2.46323	1.1845	0.549155	0.407082	0.0186731	0.003733	0.232465	0.260565	-0.3069	-0.105498
-0.0443513	-1.0485	0.000276499	-0.00175807	0.0589343	0.962077	1.22253	1.1845	1.08989	0.486958	0.116881	-0.127903	-0.149227	-0.0363472	0.00313877	-0.139052	-0.166131
0.00864413	-0.556484	0.000111715	0.00154896	-0.0122959	0.110904	1.15087	0.549155	0.486958	1.13304	0.384552	0.0321943	-0.030852	0.200541	0.120128	-0.147896	0.139618
-0.00446691	-0.274486	0.000122244	-0.000399146	0.0506962	0.00759751	0.685992	0.407082	0.116881	0.384552	0.609936	0.42653	0.18497	0.297491	0.102324	-0.0826731	0.0447125
-0.0112136	-0.090484	1.30378e-05	-0.000924515	-0.0296421	-0.923239	0.378785	0.0186731	-0.127903	0.0321943	0.42653	1.06283	0.442626	0.250834	-0.04646	0.153333	-0.0418296
0.0356495	-1.72352	1.97601e-05	0.00178212	-0.0553582	-1.03881	0.252533	0.003733	-0.149227	-0.030852	0.18497	0.442626	0.83965	0.464224	0.203516	0.310435	-0.201346
0.0803488	2.29595	-2.25944e-05	0.0052221	-0.0767642	-1.40653	1.12777	0.232465	-0.0363472	0.200541	0.297491	0.250834	0.464224	0.955186	0.497006	0.122621	0.0666742
0.043956	1.42531	5.43352e-05	0.00258066	-0.0149503	-0.362031	0.896987	0.260565	0.00313877	0.120128	0.102324	-0.04646	0.203516	0.497006	0.611593	0.130209	-0.00138176
-0.0442714	-1.90912	0.000110014	-0.00144838	0.0524607	0.494597	-0.135583	-0.3069	-0.139052	-0.147896	-0.0826731	0.153333	0.310435	0.122621	0.130209	0.548174	0.0108096
-0.00611825	1.13438	5.03114e-05	0.000377239	0.0446529	0.497794	0.473633	-0.105498	-0.166131	0.139618	0.0447125	-0.0418296	-0.201346	0.0666742	-0.00138176	0.0108096	0.55786
InvSigma:
705.095	-0.397807	-37793	-14359.9	-27.8475	1.79902	24.7805	5.13707	-26.4653	11.8813	4.50936	-24.4474	-31.2267	28.0361	-54.8861	64.2387	-26.8346
-0.397807	0.0249343	314.568	12.5384	0.468876	-0.0284047	-0.0123062	-0.033996	-0.0286707	0.0638298	-0.0677633	-0.00179268	0.0960167	-0.0725932	-0.0486807	-0.04147	-0.0752812
-37793	314.568	3.85117e+07	466403	-3120.44	-3371.51	1751.08	-7292.3	-3313.56	211.306	-1977.72	-2157.51	-1132.65	-554.726	-2319.23	-7811.95	-5690.09
-14359.9	12.5384	466403	358204	1405.81	56.6995	-826.544	171.771	750.863	-196.991	-248.315	878.311	716.552	-691.203	1402.75	-1303.78	832.479
-27.8475	0.468876	-3120.44	1405.81	52.6337	-1.15761	-4.01505	1.77673	3.59751	2.98509	-7.33168	5.91463	4.85051	-3.71596	4.38695	-4.31128	2.28134
1.79902	-0.0284047	-3371.51	56.6995	-1.15761	0.605696	-0.604962	0.906242	0.546665	-0.0912612	0.0990185	0.724314	0.230681	0.0656956	0.668933	0.3996	0.881729
24.7805	-0.0123062	1751.08	-826.544	-4.01505	-0.604962	3.49931	-2.53344	-2.17386	-0.0587656	1.39627	-3.37926	-1.57359	1.10904	-4.23182	2.10893	-3.64088
5.13707	-0.033996	-7292.3	171.771	1.77673	0.906242	-2.53344	4.77582	-0.25457	0.803573	-1.07974	2.1433	-0.131832	0.297639	1.4019	2.28666	2.61654
-26.4653	-0.0286707	-3313.56	750.863	3.59751	0.546665	-2.17386	-0.25457	5.4433	-1.60538	0.00248469	2.59724	2.77229	-1.93544	4.62879	-3.20193	4.10364
11.8813	0.0638298	211.306	-196.991	2.98509	-0.0912612	-0.0587656	0.803573	-1.60538	2.37549	-1.86354	0.26789	-0.570772	0.656781	-1.15538	1.20022	-1.05476
4.50936	-0.0677633	-1977.72	-248.315	-7.33168	0.0990185	1.39627	-1.07974	0.00248469	-1.86354	6.14881	-3.14059	-0.706106	-0.671391	-1.28418	2.39753	-0.843052
-24.4474	-0.00179268	-2157.51	878.311	5.91463	0.724314	-3.37926	2.1433	2.59724	0.26789	-3.14059	5.61523	1.17865	-1.30258	5.072	-3.04597	3.52263
-31.2267	0.0960167	-1132.65	716.552	4.85051	0.230681	-1.57359	-0.131832	2.77229	-0.570772	-0.706106	1.17865	5.58703	-3.03998	3.59818	-4.49465	3.38611
28.0361	-0.0725932	-554.726	-691.203	-3.71596	0.0656956	1.10904	0.297639	-1.93544	0.656781	-0.671391	-1.30258	-3.03998	4.95009	-4.37777	2.68081	-2.21019
-54.8861	-0.0486807	-2319.23	1402.75	4.38695	0.668933	-4.23182	1.4019	4.62879	-1.15538	-1.28418	5.072	3.59818	-4.37777	10.5789	-6.15094	5.78571
64.2387	-0.04147	-7811.95	-1303.78	-4.31128	0.3996	2.10893	2.28666	-3.20193	1.20022	2.39753	-3.04597	-4.49465	2.68081	-6.15094	11.0326	-2.84066
-26.8346	-0.0752812	-5690.09	832.479	2.28134	0.881729	-3.64088	2.61654	4.10364	-1.05476	-0.843052	3.52263	3.38611	-2.21019	5.78571	-2.84066	7.59158

ClassLabel: 2
K: 2
NormalizationFactor: 139.48
TrainingMu: 0.000643923
TrainingSigma: 0.2
NullRejectionThreshold: 0.02
Determinant: 1.15078e-09
Mu: 	0.149053	130.029	0.0030559	0.468457	0.116688	-3.70168	-4.15265	0.304526	-0.244245	-0.103447	1.57712	0.0218863	-0.0195786	0.250395	-0.490977	-0.173379	0.186114
Sigma:
0.00666294	0.473514	-3.39151e-05	0.000925999	-0.00740488	-0.109423	0.0864143	0.0104686	-0.00173559	0.00700773	0.0352321	-0.0147146	0.0261829	-0.0103356	-0.00965038	0.00319179	-0.0123162
0.473514	484.878	-0.00566723	0.147308	-3.41772	-49.0898	-17.623	0.971712	-14.149	0.0155113	4.0614	-1.95459	-1.049	-7.91314	-2.33745	1.4695	-0.950094
-3.39151e-05	-0.00566723	3.0071e-07	-7.74542e-06	9.18717e-05	0.00127262	-1.70906e-05	7.29196e-05	0.000213022	-0.000154659	-0.000211905	0.000117323	-0.000114107	0.000162792	3.34547e-05	-5.67751e-05	1.19434e-05
0.000925999	0.147308	-7.74542e-06	0.00027475	-0.00243991	-0.0211086	0.00965363	0.00681838	-0.00615205	0.00339466	0.0119506	-0.00214515	0.00225122	-0.00240494	0.00110708	-0.000883052	0.00128213
-0.00740488	-3.41772	9.18717e-05	-0.00243991	0.0992009	0.469066	-0.0698324	-0.232507	0.321111	0.0324751	-0.135973	-0.0227011	0.0285461	0.102272	0.0108088	0.0173545	-0.0265295
-0.109423	-49.0898	0.00127262	-0.0211086	0.469066	22.8476	8.72777	3.44893	-2.89088	-1.63678	-0.224686	0.368546	-0.498241	0.525189	0.801297	-1.16038	0.225492
0.0864143	-17.623	-1.70906e-05	0.00965363	-0.0698324	8.72777	14.7849	7.53564	-0.298707	-2.58942	1.19402	0.342376	0.565112	0.311315	-0.401286	-1.26466	-0.644199
0.0104686	0.971712	7.29196e-05	0.00681838	-0.232507	3.44893	7.53564	7.72331	0.107538	-1.73512	1.68958	0.428301	0.594664	-0.179326	0.200633	-0.6486	0.255609
-0.00173559	-14.149	0.000213022	-0.00615205	0.321111	-2.89088	-0.298707	0.107538	5.20174	0.702736	-0.293237	-0.0730751	0.505474	1.13337	-0.583875	0.112375	-0.508229
0.00700773	0.0155113	-0.000154659	0.00339466	0.0324751	-1.63678	-2.58942	-1.73512	0.702736	3.18921	0.364425	-0.13337	0.38995	0.0697088	-0.33966	0.436768	-0.052267
0.0352321	4.0614	-0.000211905	0.0119506	-0.135973	-0.224686	1.19402	1.68958	-0.293237	0.364425	2.37883	0.280956	-0.0933946	-0.112903	0.215962	-0.122726	0.382187
-0.0147146	-1.95459	0.000117323	-0.00214515	-0.0227011	0.368546	0.342376	0.428301	-0.0730751	-0.13337	0.280956	1.16326	0.062651	0.10233	-0.106627	-0.103766	0.0825883
0.0261829	-1.049	-0.000114107	0.00225122	0.0285461	-0.498241	0.565112	0.594664	0.505474	0.38995	-0.0933946	0.062651	1.90299	-0.0288447	-0.344079	0.39652	0.0150937
-0.0103356	-7.91314	0.000162792	-0.00240494	0.102272	0.525189	0.311315	-0.179326	1.13337	0.0697088	-0.112903	0.10233	-0.0288447	1.45975	0.0870011	-0.247037	-0.0855312
-0.00965038	-2.33745	3.34547e-05	0.00110708	0.0108088	0.801297	-0.401286	0.200633	-0.583875	-0.33966	0.215962	-0.106627	-0.344079	0.0870011	1.29212	0.103452	0.269843
0.00319179	1.4695	-5.67751e-05	-0.000883052	0.0173545	-1.16038	-1.26466	-0.6486	0.112375	0.436768	-0.122726	-0.103766	0.39652	-0.247037	0.103452	0.859911	0.0701373
-0.0123162	-0.950094	1.19434e-05	0.00128213	-0.0265295	0.225492	-0.644199	0.255609	-0.508229	-0.052267	0.382187	0.0825883	0.0150937	-0.0855312	0.269843	0.0701373	0.948805
InvSigma:
557.121	-0.16384	51258.2	-42.8728	0.407809	0.232918	-5.94662	6.67	-3.11368	2.21841	-6.22325	2.13457	-5.13975	0.976946	-1.90194	-0.500555	2.1252
-0.16384	0.00467457	-18.4399	-2.14048	-0.0265453	0.00863193	0.014451	-0.020802	0.0228014	0.00349752	0.00676431	0.00364769	0.00937312	-0.00255365	0.0211212	-0.00576709	0.0217049
51258.2	-18.4399	3.22683e+07	643631	-8199	-818.769	404.439	-756.693	-438.482	444.46	-1345.01	-690.368	266.24	-1171.79	-58.0679	816.951	52.4962
-42.8728	-2.14048	643631	23713.5	-38.1663	-16.3724	1.96129	-6.72371	-13.7337	-3.25471	-51.5603	-2.59358	-4.34924	-22.7034	-26.3991	43.3097	-21.0913
0.407809	-0.0265453	-8199	-38.1663	31.3161	-0.671172	-0.732456	2.38843	-2.5944	0.265188	-0.278431	0.699853	-1.31238	1.17433	-1.52273	0.0852468	-0.742467
0.232918	0.00863193	-818.769	-16.3724	-0.671172	0.16025	-0.0755846	-0.0256318	0.177538	-0.0562542	0.0500824	0.0316276	0.0166283	-0.0148552	0.00129908	0.0163409	0.00872498
-5.94662	0.014451	404.439	1.96129	-0.732456	-0.0755846	0.389073	-0.381809	0.120788	0.0909065	0.0561599	-0.0334662	0.0940359	-0.141101	0.24741	0.0304763	0.257212
6.67	-0.020802	-756.693	-6.72371	2.38843	-0.0256318	-0.381809	0.735997	-0.356147	0.0968877	-0.279081	0.0552923	-0.32204	0.287735	-0.344714	0.122602	-0.258069
-3.11368	0.0228014	-438.482	-13.7337	-2.5944	0.177538	0.120788	-0.356147	0.678367	-0.0895198	0.0998663	0.0407464	0.123335	-0.362316	0.326236	-0.11539	0.265501
2.21841	0.00349752	444.46	-3.25471	0.265188	-0.0562542	0.0909065	0.0968877	-0.0895198	0.529034	-0.233027	0.0583887	-0.117985	-0.0304732	0.158078	-0.129171	0.121201
-6.22325	0.00676431	-1345.01	-51.5603	-0.278431	0.0500824	0.0561599	-0.279081	0.0998663	-0.233027	0.910241	-0.208184	0.247153	0.012671	0.00371278	-0.0692509	-0.200378
2.13457	0.00364769	-690.368	-2.59358	0.699853	0.0316276	-0.0334662	0.0552923	0.0407464	0.0583887	-0.208184	1.0385	-0.131845	-0.0640723	0.118766	0.0477299	-0.00448905
-5.13975	0.00937312	266.24	-4.34924	-1.31238	0.0166283	0.0940359	-0.32204	0.123335	-0.117985	0.247153	-0.131845	0.878049	-0.139922	0.31942	-0.455184	-0.0571405
0.976946	-0.00255365	-1171.79	-22.7034	1.17433	-0.0148552	-0.141101	0.287735	-0.362316	-0.0304732	0.012671	-0.0640723	-0.139922	1.11978	-0.335235	0.357802	-0.104617
-1.90194	0.0211212	-58.0679	-26.3991	-1.52273	0.00129908	0.24741	-0.344714	0.326236	0.158078	0.00371278	0.118766	0.31942	-0.335235	1.29427	-0.435181	0.0512239
-0.500555	-0.00576709	816.951	43.3097	0.0852468	0.0163409	0.0304763	0.122602	-0.11539	-0.129171	-0.0692509	0.0477299	-0.455184	0.357802	-0.435181	1.88172	-0.11594
2.1252	0.0217049	52.4962	-21.0913	-0.742467	0.00872498	0.257212	-0.258069	0.265501	0.121201	-0.200378	-0.00448905	-0.0571405	-0.104617	0.0512239	-0.11594	1.56792
Determinant: 1.38659e-18
Mu: 	0.0909225	72.9662	0.00372701	0.459539	0.628261	4.92348	0.916075	1.81678	-1.31637	-0.408784	0.508931	-0.110732	0.738684	0.547157	-0.0337915	0.0555994	-0.195744
Sigma:
0.00312279	-0.146974	-2.25233e-05	0.000149264	-0.0146587	-0.119225	-0.0296258	0.00649583	-0.0195251	-0.0100106	0.00809221	-0.000658192	0.014199	-0.014472	0.00447806	0.0011339	0.00354175
-0.146974	94.1934	0.00149778	-0.00683551	0.314655	1.86755	4.96716	5.13648	3.30475	3.03287	3.19705	1.54118	-1.45726	-0.812091	1.24029	0.607639	-0.0442887
-2.25233e-05	0.00149778	2.29427e-07	-2.18889e-06	0.00013107	0.000755668	0.000291002	8.13938e-05	0.000497038	7.37728e-05	-8.54921e-05	0.000131882	-3.37608e-05	8.69622e-05	-4.08855e-05	8.49175e-06	-5.60423e-05
0.000149264	-0.00683551	-2.18889e-06	6.32961e-05	-0.00118616	0.000961817	-0.00333476	-0.00474932	-0.00980597	-4.47838e-05	0.000491358	-0.00245805	-0.00137126	-0.000234426	-0.000382359	-0.000415777	0.00131234
-0.0146587	0.314655	0.00013107	-0.00118616	0.0986309	0.579759	0.203558	-0.00181309	0.259656	0.0176655	-0.0598414	0.056618	-0.0672947	0.0479322	-0.0469476	-0.0193327	-0.0497826
-0.119225	1.86755	0.000755668	0.000961817	0.579759	7.45943	0.764696	-1.5262	-1.24903	0.52087	-0.510218	-0.664091	-0.772556	0.542166	-0.7678	-0.172446	0.0320132
-0.0296258	4.96716	0.000291002	-0.00333476	0.203558	0.764696	1.84161	0.828584	1.15562	0.135468	-0.213841	0.24174	-0.356624	-0.248646	0.0571489	-0.106684	-0.339462
0.00649583	5.13648	8.13938e-05	-0.00474932	-0.00181309	-1.5262	0.828584	1.80471	1.42871	-0.159812	0.123924	0.295148	0.0752702	-0.370319	0.181148	-0.146588	-0.396288
-0.0195251	3.30475	0.000497038	-0.00980597	0.259656	-1.24903	1.15562	1.42871	3.71096	-0.0586207	-0.279855	0.929742	0.0707232	-0.162592	0.0774691	-0.0100432	-0.526625
-0.0100106	3.03287	7.37728e-05	-4.47838e-05	0.0176655	0.52087	0.135468	-0.159812	-0.0586207	0.80088	0.253284	-0.0633439	-0.034283	0.127733	-0.0753897	0.102147	0.0701148
0.00809221	3.19705	-8.54921e-05	0.000491358	-0.0598414	-0.510218	-0.213841	0.123924	-0.279855	0.253284	0.669067	0.0828284	-0.0481078	-0.0172675	0.137474	0.136165	0.157853
-0.000658192	1.54118	0.000131882	-0.00245805	0.056618	-0.664091	0.24174	0.295148	0.929742	-0.0633439	0.0828284	0.830884	0.326687	-0.00645951	0.0983846	0.121657	-0.0111103
0.014199	-1.45726	-3.37608e-05	-0.00137126	-0.0672947	-0.772556	-0.356624	0.0752702	0.0707232	-0.034283	-0.0481078	0.326687	0.913759	0.238169	-0.101149	0.00530672	0.125499
-0.014472	-0.812091	8.69622e-05	-0.000234426	0.0479322	0.542166	-0.248646	-0.370319	-0.162592	0.127733	-0.0172675	-0.00645951	0.238169	0.651995	0.182026	0.0450508	0.124652
0.00447806	1.24029	-4.08855e-05	-0.000382359	-0.0469476	-0.7678	0.0571489	0.181148	0.0774691	-0.0753897	0.137474	0.0983846	-0.101149	0.182026	0.664427	0.109464	-0.050645
0.0011339	0.607639	8.49175e-06	-0.000415777	-0.0193327	-0.172446	-0.106684	-0.146588	-0.0100432	0.102147	0.136165	0.121657	0.00530672	0.0450508	0.109464	0.395144	0.1631
0.00354175	-0.0442887	-5.60423e-05	0.00131234	-0.0497826	0.0320132	-0.339462	-0.396288	-0.526625	0.0701148	0.157853	-0.0111103	0.125499	0.124652	-0.050645	0.1631	0.44457
InvSigma:
2801.76	1.31388	173169	-1576.44	103.545	9.92019	3.23841	6.64444	-19.6616	0.326558	-8.91811	1.64691	-30.5617	36.3112	-4.61519	-4.40086	2.97002
1.31388	0.0321798	-580.202	-11.0658	0.759037	-0.00664998	-0.0602062	-0.05864	0.00109253	-0.0269553	-0.160615	-0.00654081	0.004748	0.0471877	-0.0303355	0.0209361	-0.0238006
173169	-580.202	7.58636e+07	482216	-30329.3	-5302.11	4080.01	-2172.77	-6810.54	-2537.72	5621.54	-2727.92	-3991.08	2825.45	-4805.87	-1986.29	-4349.25
-1576.44	-11.0658	482216	51063.7	540.515	-82.2888	-2.92417	64.3899	7.49856	28.0678	56.5344	-122.489	148.871	-109.417	62.113	87.9648	-12.0962
103.545	0.759037	-30329.3	540.515	129.204	-5.29004	-5.74665	4.17966	-4.99013	6.72839	-10.8714	-3.19516	3.86864	-3.83543	3.95804	4.4182	3.63992
9.92019	-0.00664998	-5302.11	-82.2888	-5.29004	1.87151	-0.319175	0.398523	1.44211	-0.13666	0.304096	0.492759	0.413266	-0.383515	1.20323	-0.136311	0.691347
3.23841	-0.0602062	4080.01	-2.92417	-5.74665	-0.319175	1.76831	-0.97443	-0.162025	-0.916963	1.44307	-0.550289	0.11966	0.729648	-0.840924	-0.0348002	-0.542578
6.64444	-0.05864	-2172.77	64.3899	4.17966	0.398523	-0.97443	2.48145	-0.381259	1.05443	-1.36968	0.911234	-0.688268	0.377182	0.237961	0.538132	1.19389
-19.6616	0.00109253	-6810.54	7.49856	-4.99013	1.44211	-0.162025	-0.381259	2.36338	-0.402267	0.900722	-0.604697	1.21181	-0.873356	1.23243	-0.125999	0.767395
0.326558	-0.0269553	-2537.72	28.0678	6.72839	-0.13666	-0.916963	1.05443	-0.402267	2.68448	-1.86284	0.700533	-0.175867	-0.828537	0.959892	-0.265375	0.862689
-8.91811	-0.160615	5621.54	56.5344	-10.8714	0.304096	1.44307	-1.36968	0.900722	-1.86284	4.81394	-1.35034	1.07365	-0.112221	-0.381586	-0.399335	-1.31234
1.64691	-0.00654081	-2727.92	-122.489	-3.19516	0.492759	-0.550289	0.911234	-0.604697	0.700533	-1.35034	3.63276	-2.13738	1.19247	-0.737725	-0.637309	0.164977
-30.5617	0.004748	-3991.08	148.871	3.86864	0.413266	0.11966	-0.688268	1.21181	-0.175867	1.07365	-2.13738	4.10882	-2.85372	2.21192	0.528499	-0.0903948
36.3112	0.0471877	2825.45	-109.417	-3.83543	-0.383515	0.729648	0.377182	-0.873356	-0.828537	-0.112221	1.19247	-2.85372	5.15253	-3.21794	0.269677	-1.0528
-4.61519	-0.0303355	-4805.87	62.113	3.95804	1.20323	-0.840924	0.237961	1.23243	0.959892	-0.381586	-0.737725	2.21192	-3.21794	4.61831	-0.671741	1.64714
-4.40086	0.0209361	-1986.29	87.9648	4.4182	-0.136311	-0.0348002	0.538132	-0.125999	-0.265375	-0.399335	-0.637309	0.528499	0.269677	-0.671741	4.07443	-1.29289
2.97002	-0.0238006	-4349.25	-12.0962	3.63992	0.691347	-0.542578	1.19389	0.767395	0.862689	-1.31234	0.164977	-0.0903948	-1.0528	1.64714	-1.29289	4.94426

ClassLabel: 3
K: 2
NormalizationFactor: 360.004
TrainingMu: 0.000686859
TrainingSigma: 0.2
NullRejectionThreshold: 0.02
Determinant: 4.04637e-19
Mu: 	0.0800203	153.386	0.00306497	0.459853	0.465098	3.02489	-1.03236	-0.309202	-0.641094	-0.351626	-0.583364	-0.140728	-0.274777	-0.263175	-0.521338	-0.679401	-0.225409
Sigma:
0.00362732	0.0144869	-2.7431e-05	0.000560208	-0.0233285	-0.246116	-0.0958162	-0.0632212	-0.035175	-0.0115185	0.00437148	-0.0117254	0.00144978	0.00453609	0.00643539	-0.00702397	-0.0185477
0.0144869	246.689	-0.00279505	0.0964179	-0.645034	-6.86015	-2.06279	5.03306	2.06667	-0.0922364	-1.12413	-0.580613	0.298345	-0.640872	-0.0427261	0.633802	-2.0867
-2.7431e-05	-0.00279505	3.23482e-07	-6.92766e-06	0.000193236	0.00203506	0.000882079	0.000539697	0.00040731	0.000203309	4.54436e-05	0.000100231	-5.12362e-05	-2.22304e-05	-0.00012206	3.68163e-05	0.000127698
0.000560208	0.0964179	-6.92766e-06	0.000190871	-0.00382071	-0.0380898	-0.0151659	-0.00689208	-0.00508056	-0.00288031	-0.000767422	-0.000989676	0.00287756	0.000765694	0.00267682	-0.000217814	-0.00279427
-0.0233285	-0.645034	0.000193236	-0.00382071	0.16737	1.76792	0.649795	0.484033	0.259968	0.0804947	-0.0271411	0.0694795	0.00468559	-0.0342743	-0.0701634	0.0487482	0.15303
-0.246116	-6.86015	0.00203506	-0.0380898	1.76792	19.6525	7.67673	5.82505	2.98305	0.948921	-0.333912	0.649681	0.15426	-0.344814	-0.680543	0.359832	1.61297
-0.0958162	-2.06279	0.000882079	-0.0151659	0.649795	7.67673	4.17114	2.81867	1.49587	0.678739	-0.0537319	0.348567	-0.065673	-0.21288	-0.22084	0.0953549	0.433672
-0.0632212	5.03306	0.000539697	-0.00689208	0.484033	5.82505	2.81867	2.85165	1.44391	0.416454	-0.118647	0.179004	0.190087	-0.0277635	-0.253552	0.0133941	0.552996
-0.035175	2.06667	0.00040731	-0.00508056	0.259968	2.98305	1.49587	1.44391	1.7193	0.496602	-0.220879	0.275067	0.0422518	-0.0105052	-0.295418	-0.162203	0.0989282
-0.0115185	-0.0922364	0.000203309	-0.00288031	0.0804947	0.948921	0.678739	0.416454	0.496602	0.673137	0.191374	0.0293695	-0.0483303	0.0556932	-0.0396959	-0.044297	-0.0922624
0.00437148	-1.12413	4.54436e-05	-0.000767422	-0.0271411	-0.333912	-0.0537319	-0.118647	-0.220879	0.191374	0.461129	0.0900308	0.0670109	0.0898249	0.0094005	0.0773106	-0.0158525
-0.0117254	-0.580613	0.000100231	-0.000989676	0.0694795	0.649681	0.348567	0.179004	0.275067	0.0293695	0.0900308	0.58369	0.160206	-0.147447	-0.154154	-0.037945	0.085705
0.00144978	0.298345	-5.12362e-05	0.00287756	0.00468559	0.15426	-0.065673	0.190087	0.0422518	-0.0483303	0.0670109	0.160206	0.543954	0.193987	0.0570106	-0.07204	0.0680975
0.00453609	-0.640872	-2.22304e-05	0.000765694	-0.0342743	-0.344814	-0.21288	-0.0277635	-0.0105052	0.0556932	0.0898249	-0.147447	0.193987	0.491961	0.240952	-0.0283861	0.0374564
0.00643539	-0.0427261	-0.00012206	0.00267682	-0.0701634	-0.680543	-0.22084	-0.253552	-0.295418	-0.0396959	0.0094005	-0.154154	0.0570106	0.240952	0.56946	0.241685	-0.0112452
-0.00702397	0.633802	3.68163e-05	-0.000217814	0.0487482	0.359832	0.0953549	0.0133941	-0.162203	-0.044297	0.0773106	-0.037945	-0.07204	-0.0283861	0.241685	0.57917	0.163834
-0.0185477	-2.0867	0.000127698	-0.00279427	0.15303	1.61297	0.433672	0.552996	0.0989282	-0.0922624	-0.0158525	0.085705	0.0680975	0.0374564	-0.0112452	0.163834	0.647023
InvSigma:
6370.56	5.66356	-69918.1	-5637.79	665.021	17.7671	61.1786	-83.0113	8.06285	-11.4073	-14.7056	40.7019	-1.64512	31.9098	37.1377	-13.4268	12.4607
5.66356	0.0134482	79.6619	-7.99234	0.095274	0.053095	0.0669832	-0.138743	0.00470225	-0.0132211	-0.0260007	0.0277007	0.0378453	0.017825	0.0431791	-0.029754	0.0706352
-69918.1	79.6619	8.33457e+07	1.83409e+06	-27781.8	-1079.81	-5442.83	3243.14	-7843.77	-1730.48	-7027.64	-1258.42	-1306.31	-5021.36	5407.42	-6709.02	3031.12
-5637.79	-7.99234	1.83409e+06	65353.1	111.51	-103.699	-101.566	84.9671	-145.27	-66.8331	-48.9869	-99.3441	-132.285	-93.1304	66.1963	-191.541	54.0697
665.021	0.095274	-27781.8	111.51	342.908	-23.3173	15.4294	-5.24676	3.82347	-5.10966	7.41598	-5.18042	0.160656	-0.992168	9.35711	-11.3647	-0.8612
17.7671	0.053095	-1079.81	-103.699	-23.3173	2.80774	-0.875169	-0.813064	0.0643276	0.335571	-0.316972	1.08094	-0.368813	0.72764	-0.481829	0.950404	-0.122545
61.1786	0.0669832	-5442.83	-101.566	15.4294	-0.875169	3.08258	-2.42201	0.939941	-0.70949	0.634961	-0.729265	0.843141	0.714127	-0.523338	-0.044555	0.8811
-83.0113	-0.138743	3243.14	84.9671	-5.24676	-0.813064	-2.42201	4.31306	-1.63016	0.691887	-0.886042	0.731229	-0.911921	-0.454864	0.155715	0.230965	-1.59941
8.06285	0.00470225	-7843.77	-145.27	3.82347	0.0643276	0.939941	-1.63016	3.04721	-1.40488	2.78727	-1.38308	0.502633	-0.668002	0.356163	0.104437	0.416342
-11.4073	-0.0132211	-1730.48	-66.8331	-5.10966	0.335571	-0.70949	0.691887	-1.40488	3.67561	-2.49322	1.0636	0.337572	0.385534	-0.864429	0.948992	0.163208
-14.7056	-0.0260007	-7027.64	-48.9869	7.41598	-0.316972	0.634961	-0.886042	2.78727	-2.49322	6.21377	-2.12044	-0.249321	-1.5488	1.0612	-1.19697	0.12677
40.7019	0.0277007	-1258.42	-99.3441	-5.18042	1.08094	-0.729265	0.731229	-1.38308	1.0636	-2.12044	4.36166	-1.70941	2.32903	-0.20926	0.903584	-0.984096
-1.64512	0.0378453	-1306.31	-132.285	0.160656	-0.368813	0.843141	-0.911921	0.502633	0.337572	-0.249321	-1.70941	4.08255	-1.76361	-0.165152	0.479111	0.59695
31.9098	0.017825	-5021.36	-93.1304	-0.992168	0.72764	0.714127	-0.454864	-0.668002	0.385534	-1.5488	2.32903	-1.76361	5.60716	-2.86155	1.90102	-0.967543
37.1377	0.0431791	5407.42	66.1963	9.35711	-0.481829	-0.523338	0.155715	0.356163	-0.864429	1.0612	-0.20926	-0.165152	-2.86155	5.14794	-2.89641	0.510182
-13.4268	-0.029754	-6709.02	-191.541	-11.3647	0.950404	-0.044555	0.230965	0.104437	0.948992	-1.19697	0.903584	0.479111	1.90102	-2.89641	4.33213	-1.17027
12.4607	0.0706352	3031.12	54.0697	-0.8612	-0.122545	0.8811	-1.59941	0.416342	0.163208	0.12677	-0.984096	0.59695	-0.967543	0.510182	-1.17027	3.44287
Determinant: 2.60207e-18
Mu: 	0.0520513	107.115	0.00422138	0.432074	0.69256	6.35656	-0.276669	-0.160562	-0.632849	-0.45626	-0.822534	-0.441556	-0.377728	-0.397864	-0.499606	-0.565204	-0.328596
Sigma:
0.00317926	0.0586276	-5.20174e-05	0.000680614	-0.0203302	-0.24218	-0.0688736	-0.0378916	-0.00946122	-0.012968	0.0098851	-0.00500527	-0.00264715	-0.000966554	0.00173667	-0.00101711	-0.0123887
0.0586276	115.262	-0.00284968	0.0520143	-0.186529	-5.69871	1.34688	2.27611	0.929377	-0.870177	0.187029	1.19311	1.05952	-0.522631	-1.16329	-0.0504539	1.01245
-5.20174e-05	-0.00284968	1.48836e-06	-2.13505e-05	0.000333331	0.00433462	0.00176035	0.00143976	0.000839227	0.000497107	-2.90592e-05	0.000146946	3.3799e-05	0.000187487	7.43362e-05	-8.86205e-05	0.000215347
0.000680614	0.0520143	-2.13505e-05	0.000485255	-0.00381597	-0.0490333	-0.0274786	-0.0207861	-0.0128145	-0.0090316	0.00230557	0.000434616	0.000894745	-0.00288896	-0.00303925	0.000409137	-0.00297506
-0.0203302	-0.186529	0.000333331	-0.00381597	0.138381	1.65349	0.429795	0.246254	0.0701319	0.080103	-0.0422065	0.0362263	0.0162254	0.0235157	-0.0140273	-0.00245875	0.0801831
-0.24218	-5.69871	0.00433462	-0.0490333	1.65349	21.0051	4.89621	3.08507	1.00033	0.954853	-0.391697	0.409934	0.0900519	0.354905	-0.28024	-0.125193	0.935779
-0.0688736	1.34688	0.00176035	-0.0274786	0.429795	4.89621	4.51796	2.97029	1.67365	1.3785	0.103938	0.383186	0.334457	0.150793	-0.159531	-0.15834	0.426687
-0.0378916	2.27611	0.00143976	-0.0207861	0.246254	3.08507	2.97029	3.02144	1.8436	0.882648	0.155352	0.356645	0.250834	0.241881	-0.136301	-0.218104	0.279066
-0.00946122	0.929377	0.000839227	-0.0128145	0.0701319	1.00033	1.67365	1.8436	1.73389	0.784042	0.232443	0.185906	0.0976744	0.0679241	-0.131718	-0.266526	0.0362669
-0.012968	-0.870177	0.000497107	-0.0090316	0.080103	0.954853	1.3785	0.882648	0.784042	0.999346	0.236886	0.107755	0.0459523	-0.0473386	-0.0606172	-0.158406	-0.00474044
0.0098851	0.187029	-2.90592e-05	0.00230557	-0.0422065	-0.391697	0.103938	0.155352	0.232443	0.236886	0.462525	0.167002	-0.0346896	0.0916494	0.11879	0.024318	0.00275332
-0.00500527	1.19311	0.000146946	0.000434616	0.0362263	0.409934	0.383186	0.356645	0.185906	0.107755	0.167002	0.491443	0.24089	-0.0459493	0.0016348	0.0374633	0.0330677
-0.00264715	1.05952	3.3799e-05	0.000894745	0.0162254	0.0900519	0.334457	0.250834	0.0976744	0.0459523	-0.0346896	0.24089	0.408189	-0.00610218	-0.149902	-0.027608	0.002831
-0.000966554	-0.522631	0.000187487	-0.00288896	0.0235157	0.354905	0.150793	0.241881	0.0679241	-0.0473386	0.0916494	-0.0459493	-0.00610218	0.466173	0.307323	-0.0228535	0.0535473
0.00173667	-1.16329	7.43362e-05	-0.00303925	-0.0140273	-0.28024	-0.159531	-0.136301	-0.131718	-0.0606172	0.11879	0.0016348	-0.149902	0.307323	0.577883	0.177923	0.0407424
-0.00101711	-0.0504539	-8.86205e-05	0.000409137	-0.00245875	-0.125193	-0.15834	-0.218104	-0.266526	-0.158406	0.024318	0.0374633	-0.027608	-0.0228535	0.177923	0.461555	0.178277
-0.0123887	1.01245	0.000215347	-0.00297506	0.0801831	0.935779	0.426687	0.279066	0.0362669	-0.00474044	0.00275332	0.0330677	0.002831	0.0535473	0.0407424	0.178277	0.333491
InvSigma:
11542.8	-2.06595	13377.6	-2360.83	1398.97	8.6184	23.6566	17.6763	-45.9732	3.80521	-80.6511	-1.8722	25.7575	-119.183	72.3462	-3.83488	17.8026
-2.06595	0.013211	88.7009	0.840101	-0.580249	0.0168585	-0.0020429	-0.0365847	-0.00623956	0.0247097	0.00916531	-0.0245419	-0.00122085	0.0324593	-0.013357	0.032419	-0.0587146
13377.6	88.7009	7.54571e+06	141737	7616.83	-1456.6	-142.939	-1008.27	-1056.43	666.013	-182.245	-336.276	-573.614	822.304	-1891.53	1020.18	-380.187
-2360.83	0.840101	141737	9085.62	-415.661	-4.71147	9.46533	-12.8334	9.46969	31.6219	-50.2887	-23.1035	-19.7235	23.4066	16.8024	24.1625	-5.37026
1398.97	-0.580249	7616.83	-415.661	371.541	-15.5752	-3.09913	3.74158	-6.20532	1.24632	-3.34196	3.25455	-3.41051	-5.18378	-6.3334	1.4388	1.57453
8.6184	0.0168585	-1456.6	-4.71147	-15.5752	1.59438	0.439808	0.0324818	0.226444	-0.150487	-0.457509	-0.448726	0.816129	-1.12897	1.71965	-0.258741	-0.0272987
23.6566	-0.0020429	-142.939	9.46533	-3.09913	0.439808	1.42541	-0.92296	0.324201	-1.06586	-0.131508	-0.0694789	-0.163839	-0.430269	0.529136	-0.0382753	-0.494774
17.6763	-0.0365847	-1008.27	-12.8334	3.74158	0.0324818	-0.92296	2.60487	-1.62502	0.423303	0.33802	-0.868218	0.555174	-1.52899	1.08477	-0.35942	-0.11888
-45.9732	-0.00623956	-1056.43	9.46969	-6.20532	0.226444	0.324201	-1.62502	2.84415	-0.793689	-0.382602	0.356823	-0.0805385	0.870178	0.00391208	0.386763	0.180283
3.80521	0.0247097	666.013	31.6219	1.24632	-0.150487	-1.06586	0.423303	-0.793689	3.34286	-1.98966	0.984444	-0.758245	1.64574	-0.898985	0.804974	0.524818
-80.6511	0.00916531	-182.245	-50.2887	-3.34196	-0.457509	-0.131508	0.33802	-0.382602	-1.98966	6.1225	-2.83656	2.1035	-1.55699	-0.0901925	-0.95951	-0.382
-1.8722	-0.0245419	-336.276	-23.1035	3.25455	-0.448726	-0.0694789	-0.868218	0.356823	0.984444	-2.83656	6.09022	-4.39347	3.8546	-3.14874	0.700853	0.131161
25.7575	-0.00122085	-573.614	-19.7235	-3.41051	0.816129	-0.163839	0.555174	-0.0805385	-0.758245	2.1035	-4.39347	6.68293	-4.19354	4.09864	-1.33694	0.676837
-119.183	0.0324593	822.304	23.4066	-5.18378	-1.12897	-0.430269	-1.52899	0.870178	1.64574	-1.55699	3.8546	-4.19354	9.22522	-6.80099	2.78078	-1.14586
72.3462	-0.013357	-1891.53	16.8024	-6.3334	1.71965	0.529136	1.08477	0.00391208	-0.898985	-0.0901925	-3.14874	4.09864	-6.80099	8.31643	-2.85317	1.0783
-3.83488	0.032419	1020.18	24.1625	1.4388	-0.258741	-0.0382753	-0.35942	0.386763	0.804974	-0.95951	0.700853	-1.33694	2.78078	-2.85317	4.77984	-2.68824
17.8026	-0.0587146	-380.187	-5.37026	1.57453	-0.0272987	-0.494774	-0.11888	0.180283	0.524818	-0.382	0.131161	0.676837	-1.14586	1.0783	-2.68824	5.9279

ClassLabel: 4
K: 2
NormalizationFactor: 104.622
TrainingMu: 0.00233545
TrainingSigma: 0.2
NullRejectionThreshold: 0.02
Determinant: 2.98416e-13
Mu: 	0.0833993	96.9884	0.00338977	0.454918	0.455656	2.99708	-1.8795	-0.758571	-1.00455	-0.626488	-0.813457	-0.34672	-0.472792	-0.510163	-0.629924	-0.409655	-0.356509
Sigma:
0.00221943	-0.115782	-1.46351e-05	9.97692e-05	-0.0121709	-0.123795	-0.0284458	-0.00479896	-0.00750431	0.00636847	0.00646591	0.00349707	0.00373593	0.00318752	-0.00142329	-0.000751381	0.00112731
-0.115782	378.207	-0.00233011	-0.0816745	-2.33939	-25.1415	-32.2707	-11.3634	-11.8935	-5.2023	-4.41175	-2.53597	-3.38865	-3.45699	-2.18595	0.199552	-0.561775
-1.46351e-05	-0.00233011	2.05141e-07	-7.74414e-07	0.000127966	0.00143257	0.000573996	7.24707e-05	6.04201e-05	-4.3639e-05	-9.45776e-05	-3.04731e-05	-6.57021e-05	-3.14942e-05	7.35208e-06	-1.77333e-05	-2.98657e-05
9.97692e-05	-0.0816745	-7.74414e-07	0.000134066	0.000972474	0.00840802	0.00926769	0.00143545	0.00272816	-0.000210021	0.00107658	-0.00135474	0.00104982	-0.000302769	-0.000328758	-0.000249814	0.000123615
-0.0121709	-2.33939	0.000127966	0.000972474	0.16011	1.47698	0.60479	0.0820138	0.222999	-0.0344863	0.000233356	-0.0141054	0.00275836	-0.0192662	0.0404745	0.0151613	0.00312429
-0.123795	-25.1415	0.00143257	0.00840802	1.47698	16.4977	6.75778	0.953445	1.56383	-0.699386	-0.401885	-0.38766	-0.228411	-0.270044	0.466647	0.0567527	-0.161877
-0.0284458	-32.2707	0.000573996	0.00926769	0.60479	6.75778	8.43941	2.07672	1.96465	0.174507	0.339197	0.0146321	0.297708	0.175498	0.321548	0.077216	-0.00342346
-0.00479896	-11.3634	7.24707e-05	0.00143545	0.0820138	0.953445	2.07672	3.28319	2.13078	0.873014	1.15804	0.791964	0.770768	0.584234	0.430077	0.303684	0.351538
-0.00750431	-11.8935	6.04201e-05	0.00272816	0.222999	1.56383	1.96465	2.13078	3.09612	1.18415	1.12947	0.753531	0.798076	0.571977	0.399088	0.272193	0.298143
0.00636847	-5.2023	-4.3639e-05	-0.000210021	-0.0344863	-0.699386	0.174507	0.873014	1.18415	1.56162	0.914296	0.462679	0.414911	0.379427	0.158828	0.117105	0.191055
0.00646591	-4.41175	-9.45776e-05	0.00107658	0.000233356	-0.401885	0.339197	1.15804	1.12947	0.914296	1.63691	0.815705	0.531582	0.381662	0.292431	0.254189	0.258424
0.00349707	-2.53597	-3.04731e-05	-0.00135474	-0.0141054	-0.38766	0.0146321	0.791964	0.753531	0.462679	0.815705	1.26413	0.569893	0.342547	0.262209	0.228168	0.230092
0.00373593	-3.38865	-6.57021e-05	0.00104982	0.00275836	-0.228411	0.297708	0.770768	0.798076	0.414911	0.531582	0.569893	1.01325	0.505877	0.238111	0.185457	0.179946
0.00318752	-3.45699	-3.14942e-05	-0.000302769	-0.0192662	-0.270044	0.175498	0.584234	0.571977	0.379427	0.381662	0.342547	0.505877	0.886853	0.372241	0.147238	0.172666
-0.00142329	-2.18595	7.35208e-06	-0.000328758	0.0404745	0.466647	0.321548	0.430077	0.399088	0.158828	0.292431	0.262209	0.238111	0.372241	0.765431	0.327737	0.129598
-0.000751381	0.199552	-1.77333e-05	-0.000249814	0.0151613	0.0567527	0.077216	0.303684	0.272193	0.117105	0.254189	0.228168	0.185457	0.147238	0.327737	0.650333	0.251316
0.00112731	-0.561775	-2.98657e-05	0.000123615	0.00312429	-0.161877	-0.00342346	0.351538	0.298143	0.191055	0.258424	0.230092	0.179946	0.172666	0.129598	0.251316	0.564636
InvSigma:
1371.7	1.2114	59809.9	-506.347	62.8582	1.96834	-1.2713	3.86928	-0.361433	0.433878	0.188962	-2.73949	2.06917	1.96969	-1.62338	0.247602	-0.384607
1.2114	0.00593902	115.97	2.30787	0.028788	-0.000896055	0.0131376	0.00258196	0.00304432	0.00951352	-0.000158133	0.00421082	0.000797541	0.0114076	0.00430955	-0.00913184	3.77793e-05
59809.9	115.97	2.26198e+07	224517	-2918	-1271.27	-124.674	-547.791	1144.31	-1084.06	1129.01	-783.925	871.298	-353.838	934.994	-31.0406	330.295
-506.347	2.30787	224517	12821.5	-140.55	-13.4749	-2.95419	-4.52228	10.1593	0.467487	-4.17629	18.5345	-11.201	6.23614	18.8493	0.504911	-1.9647
62.8582	0.028788	-2918	-140.55	49.0518	-3.44455	0.0541159	1.99396	-2.5912	0.831816	-1.03672	0.0949904	-0.55802	0.642562	0.20967	-0.177416	-1.18574
1.96834	-0.000896055	-1271.27	-13.4749	-3.44455	0.541461	-0.0775685	-0.06007	0.0576465	0.0942665	0.00665084	0.0438663	0.0161074	0.0388468	-0.189451	0.027828	0.0729369
-1.2713	0.0131376	-124.674	-2.95419	0.0541159	-0.0775685	0.271058	-0.102772	-0.0559409	0.0528281	0.000553986	0.067285	-0.00972917	0.0258986	0.0119281	-0.0229717	0.0394102
3.86928	0.00258196	-547.791	-4.52228	1.99396	-0.06007	-0.102772	0.764631	-0.432096	0.120904	-0.250349	-0.0203617	-0.122626	-0.0113958	-0.0618162	-0.000193335	-0.171107
-0.361433	0.00304432	1144.31	10.1593	-2.5912	0.0576465	-0.0559409	-0.432096	1.01199	-0.470764	0.0615784	-0.107234	-0.110757	-0.07716	0.0196315	-0.0124855	0.0619911
