GRT_MINDIST_MODEL_FILE_V2.0
Trained: 1
UseScaling: 0
NumInputDimensions: 17
NumOutputDimensions: 5
NumTrainingIterationsToConverge: 0
MinNumEpochs: 0
MaxNumEpochs: 100
ValidationSetSize: 20
LearningRate: 0.1
MinChange: 1e-05
UseValidationSet: 0
RandomiseTrainingOrder: 1
UseNullRejection: 0
ClassifierMode: 0
NullRejectionCoeff: 10
NumClasses: 5
NullRejectionThresholds:  0 0 0 0 0
ClassLabels:  1 2 3 4 5
ClassLabel: 1
NumClusters: 2
RejectionThreshold:  77.0613
Gamma: 10
TrainingMu: 13.6964
TrainingSigma: 6.3365
ClusterData:
0.532057	101.668	0.00275566	0.513794	-0.00329233	0.655035	2.21442	0.354211	0.38062	-0.0433696	0.497178	-0.108657	0.0147371	-0.181098	-0.0597098	-0.187941	-0.0729166	
0.486432	144.05	0.00256033	0.502883	0.0312865	-0.614058	0.847132	0.273358	0.382159	0.566646	0.541247	0.598678	0.0546421	-0.306301	-0.26101	-0.015254	-0.0969851	
ClassLabel: 2
NumClusters: 2
RejectionThreshold:  87.5162
Gamma: 10
TrainingMu: 15.0306
TrainingSigma: 7.24856
ClusterData:
0.164535	138.429	0.0029245	0.471923	0.0542234	-4.74911	-4.25989	0.417051	-0.297927	-0.124072	1.71778	-0.0543673	0.0219242	0.153226	-0.584366	-0.127196	0.140851	
0.0894118	81.4824	0.00367482	0.457703	0.533015	3.30922	-0.78036	1.09803	-0.845201	-0.266745	0.692768	0.0499621	0.400245	0.581549	-0.0636462	-0.0961058	0.0105345	
ClassLabel: 3
NumClusters: 2
RejectionThreshold:  70.216
Gamma: 10
TrainingMu: 12.9054
TrainingSigma: 5.73107
ClusterData:
0.0562919	109.534	0.00413169	0.433941	0.670901	6.04575	-0.275407	-0.118408	-0.594487	-0.414213	-0.78904	-0.405153	-0.361122	-0.383065	-0.532192	-0.643555	-0.29503	
0.0781764	157.109	0.00301501	0.461477	0.46119	2.95815	-1.15324	-0.394735	-0.698926	-0.397109	-0.595052	-0.146992	-0.283033	-0.26377	-0.47674	-0.581923	-0.258622	
ClassLabel: 4
NumClusters: 2
RejectionThreshold:  80.2929
Gamma: 10
TrainingMu: 12.7145
TrainingSigma: 6.75784
ClusterData:
0.156075	68.6068	0.00312936	0.466061	0.345485	2.22507	-1.22927	-0.989705	-1.63197	-1.07902	-1.16267	-0.462078	-0.78805	-0.591875	-0.808118	-0.600939	-0.324235	
0.0957291	104.299	0.00325931	0.456461	0.371142	2.18406	-2.83676	-1.35143	-1.65689	-0.994702	-1.15486	-0.559961	-0.733488	-0.721458	-0.764708	-0.508403	-0.407973	
ClassLabel: 5
NumClusters: 2
RejectionThreshold:  70.4802
Gamma: 10
TrainingMu: 11.9249
TrainingSigma: 5.85553
ClusterData:
0.366118	128.987	0.00237341	0.492676	0.0380976	-2.92064	1.04743	-0.592552	-0.0287096	-0.271557	-0.0340426	-0.125781	-0.0727692	-0.33702	-0.341288	-0.506288	-0.270951	
0.336859	91.7817	0.00256737	0.485796	0.0522324	-4.10316	-0.0961098	-0.616332	-0.33574	-0.692973	-0.309437	-0.214062	-0.25209	-0.395519	-0.527957	-0.535693	-0.34648	
